182
183
184
260
182
183
184
260
182
183
184
260
579
811
819
820
821
822
894
895
906
907
961
976
1027
1037
1045
1047
1062
1102
1103
1104
1113
1123
1124
1138
1198
1199
1214
1215
1216
1217
1218
1219
1220
1221
1250
1251
1252
1253
1254
1255
1256
1257
1258
1259
1260
1261
1262
1342
1345
1346
1364
1365
1378
1379
1425
1426
1469
1470
1492
1519
1520
1553
1554
1555
1556
1557
1558
1559
1652
1695
1752
1753
1847
1848
2037
2038
2207
2318
2321
2878
2880
2881
2984
3017
3018
3031
3032
3033
3081
3091
3092
3094
3117
3118
3119
3120
3137
3241
3270
3321
3322
3334
3337
3355
3358
3359
3360
3364
3527
3586
3587
3588
3589
3590
3596
3606
3607
3608
3609
3671
3694
3725
3726
3833
3864
3954
3955
4017
4018
4035
4036
4053
4065
4068
4074
4081
4082
4099
4103
4175
4222
4247
4579
4991
4993
5007
5008
5009
5010
5027
5028
5073
5074
5122
5161
5171
5197
5198
5199
5200
5284
5346
5349
5354
5355
5518
5545
5546
5649
5702
5703
5711
5712
5713
5714
5716
5717
5719
5720
5722
5723
5730
5736
5737
5739
5740
5742
5743
5745
5746
5748
5749
5751
5752
5798
6030
6174
6778
6838
6895
6896
6897
6898
6950
6951
6952
6953
6983
7020
7106
7128
7178
7198
7199
7200
7322
7346
7409
7412
7423
7424
7443
7585
7643
7644
7645
7646
7647
7648
7835
7851
7852
7853
7854
7855
7856
7984
8025
8028
8118
8176
8259
8295
8296
8297
8403
8503
8504
8536
8537
8538
8539
8562
8591
8622
8623
8633
8634
8643
8646
8717
8718
8758
8792
8815
8847
8851
8887
8930
8931
9019
9023
9025
9028
9081
9082
9083
9104
9115
9208
9209
9210
9211
9212
9213
9214
9215
9216
9285
9292
9301
9423
9443
9444
9445
9446
9559
9584
9585
9586
9587
9588
9593
9671
9672
9707
9708
9709
9710
9711
9712
9713
9714
9715
9716
9849
9850
9891
9938
10148
10149
10153
10164
10171
10172
10179
10203
10240
10241
10242
10292
10293
10294
10301
10302
10303
10305
10306
10348
10372
10373
10374
10375
10402
10464
10523
10592
10593
10597
10602
10604
10607
10608
10621
10622
10647
10699
10700
10703
10704
10709
10713
10738
10953
11264
11267
11271
11277
11302
11303
11305
11311
11312
11337
11338
11342
11349
11350
11351
11355
11356
11359
11363
11521
11622
11804
11824
11885
11886
12007
12074
12075
12076
12077
12078
12079
12080
12100
12101
12102
12103
12205
12274
12505
12708
12709
12726
12769
12795
12796
12797
12802
12840
12841
12842
12850
12852
12856
12864
12865
12883
12946
12965
12980
13001
13002
13258
13382
13846
13912
13936
14088
14183
14186
14326
14467
14503
14505
14519
14582
14583
14597
14601
14606
14613
14663
14665
14666
14667
14680
15024
15054
15276
15361
15362
15363
15437
15438
15447
15504
15525
15528
15529
15722
15723
15724
15725
15726
15727
15728
15729
15730
15735
15762
15763
15764
15765
15766
15805
15831
15861
15862
15893
15900
15904
15917
15918
15919
15920
15960
15961
15994
15995
15996
15997
16009
16010
16011
16012
16013
16014
16015
16030
16051
16052
16098
16104
16105
16106
16107
16108
16109
16110
16119
16147
16148
16149
16150
16166
16167
16189
16190
16191
16195
16196
16201
16202
16203
16204
16205
16206
16207
16214
16228
16261
16318
16319
16377
16378
16379
16380
16381
16382
16383
16384
16397
16434
16435
16436
16437
16438
16439
16440
16485
16486
16496
16504
16506
16507
16511
16516
16521
16611
16612
16613
16614
16615
16633
16676
16677
16678
16679
16680
16681
16682
16683
16684
16805
16806
16813
16814
16816
16817
16818
16819
16820
16824
16828
16829
16845
16846
16847
16848
16849
16850
16860
16861
16862
16863
16864
16865
16866
16867
16910
16932
16933
16934
16935
16936
16937
16938
16973
17001
17019
17020
17022
17102
17146
17159
17188
17189
17190
17232
17233
17288
17313
17337
17338
17339
17708
18105
18110
18111
18137
18319
18320
18335
18336
18337
18411
18412
18916
18949
18950
18956
18957
18973
18974
18982
18994
19001
19002
19026
19027
19040
19041
19071
19091
19092
19130
19131
19160
19166
19167
19176
19177
19179
19180
19188
19189
19198
19269
19278
19283
19284
19285
19288
19291
19293
19295
19297
19301
19303
19308
19312
19320
19355
19363
19406
19407
19408
19496
19497
19498
19499
19512
19513
19514
19515
19577
19674
19675
19678
19697
20157
20170
20171
20184
20185
20190
20191
20193
20194
20206
20207
20220
20221
20223
20224
20226
20227
20232
20233
20236
20237
20239
20240
20242
20244
20245
20248
20249
20254
20255
20259
20260
20264
20265
20268
20269
20324
20325
20438
20450
20451
20515
20520
20574
20616
20617
20618
20619
20620
20635
20713
20714
20717
20754
20755
20807
20826
20827
20880
20881
20902
20903
20950
21067
21068
21069
21070
21071
21072
21073
21173
21174
21175
21182
21224
21225
21226
21227
21270
21271
21307
21310
21312
21316
21319
21334
21340
21346
21361
21366
21369
21381
21391
21392
21398
21405
21410
21412
21415
21421
21427
21453
21472
21514
21655
21720
21721
21744
21748
21749
21759
21816
21817
21850
21851
22175
22293
22294
22295
22296
22297
22298
22299
22313
22364
22365
22366
22367
22368
22395
22396
22438
22439
22440
22441
22442
22450
22451
22452
22453
22454
22465
22522
22523
22575
22621
22674
22934
22966
22969
23019
23049
23071
23164
23295
23323
23330
23377
23378
23379
23380
23448
23449
23488
23517
23558
23563
23693
23964
24007
24008
24212
24232
24245
24312
24317
24373
24426
24433
24503
24575
24576
24577
24578
24636
24637
24669
24670
24671
24672
24673
24674
24675
24689
24736
24737
24738
24739
24740
24795
24796
24797
24879
24886
24938
24939
24948
24949
24960
25090
25152
25166
25232
25233
25242
25321
25384
25385
25393
25394
25462
25463
25464
25465
25485
25486
25487
25488
25503
25508
25536
25542
25607
25673
25727
25728
25729
25732
25736
25739
25742
25743
25744
25810
25813
25832
25845
25963
25993
26054
26055
26072
26155
26156
26157
26158
26159
26160
26161
26162
26165
26166
26167
26168
26263
26275
26310
26346
26391
26420
26452
26481
26482
26483
26484
26485
26499
26558
26559
26614
26618
26637
26668
26748
26813
26815
26914
26975
27001
27002
27052
27202
27203
27204
27205
27206
27207
27208
27209
27210
27211
27212
27268
27270
27330
27442
27461
27462
27463
27466
27538
27609
27612
27613
27614
27776
28054
28384
28385
28452
28529
28544
28545
28590
28617
28618
28619
28620
28644
28645
28646
28647
28661
28662
28748
28766
28767
28768
28796
28813
28823
28838
28891
28894
28895
28896
28932
28933
28934
28935
28943
28986
28996
29052
29053
29068
29081
29110
29111
29140
29141
29170
29171
29223
29224
29225
29226
29227
29228
29244
29301
29339
29340
29345
29346
29352
29353
29369
29370
29377
29378
29381
29382
29387
29411
29446
29476
29527
29528
29532
29533
29534
29738
29739
29740
29859
29948
29969
30008
30009
30024
30074
30095
30109
30110
30111
30163
30164
30165
30166
30167
30168
30169
30197
30222
30223
30224
30292
30336
30337
30338
30349
30386
30387
30388
30395
30397
30546
30575
30598
30629
30644
30668
30669
30784
30787
30884
30914
30915
30931
30939
30940
30941
30942
30961
31019
31020
31021
31022
31023
31024
31025
31037
31048
31051
31202
31300
31309
31310
31311
31312
31313
31314
31315
31344
31383
31394
31395
31399
31405
31422
31423
31424
31425
31448
31449
31459
31460
31528
31603
31610
31617
31618
31619
31620
31621
31645
31660
31661
31712
31713
31714
31715
31769
31800
31801
31802
31812
31813
31814
31815
31816
31817
31818
31819
31820
31821
31822
31823
31824
31825
31826
31827
31828
31829
31830
31831
31832
31833
31834
31835
31836
31837
31838
31839
31840
31841
31842
31843
31844
31845
31846
31847
31848
31849
31850
31851
31852
31853
31860
31861
31869
32025
32026
32027
32028
32069
32070
32071
32164
32165
32166
32175
32190
32264
32265
32305
32331
32343
32429
32504
32622
32635
32636
32637
32678
32748
32749
32750
32934
32935
32965
33063
33082
33104
33109
33116
33127
33239
33304
33336
33389
33390
33391
33392
33393
33394
33395
33396
33397
33398
33399
33400
33401
33402
33403
33404
33405
33406
33407
33408
33409
33441
33444
33450
33553
33554
33571
33588
33619
33708
33709
33710
33711
33712
33713
33759
33762
33763
33764
33765
33766
33767
33768
33777
33778
33779
33834
33835
33836
34007
34008
34009
34034
34062
34063
34090
34094
34095
34106
34141
34146
34147
34148
34149
34150
34151
34152
34153
34154
34155
34156
34157
34158
34159
34160
34229
34294
34315
34336
34371
34372
34373
34374
34375
34376
34377
34378
34379
34380
34381
34382
34383
34384
34385
34386
34387
34388
34389
34390
34391
34392
34393
34394
34395
34396
34397
34398
34399
34400
34401
34402
34403
34404
34405
34406
34407
34408
34409
34410
34411
34412
34413
34414
34415
34416
34417
34418
34419
34420
34421
34422
34425
34426
34427
34459
34554
34587
34591
34592
34593
34625
34669
34670
34671
34672
34673
34674
34700
34759
34773
34774
34775
34810
34826
34827
34852
34926
34936
34957
34960
34961
35040
35046
35074
35100
35179
35180
35186
35334
35382
35396
35428
35546
35547
35585
35586
35619
35799
35818
35874
35875
35876
36224
36225
36231
36232
36233
36287
36288
36289
36290
36366
36395
36420
36441
36497
36536
36558
36569
36581
36582
36583
36584
36662
36663
36664
36667
36668
36669
36675
36676
36677
36678
36679
36680
36681
36684
36685
36686
36687
36688
36689
36690
36691
36692
36693
36694
36752
36850
36851
36852
36853
36871
36940
36941
36942
36943
36944
36978
36987
36988
37018
37028
37079
37104
37105
37177
37243
37258
37259
37273
37295
37329
37382
37384
37702
37703
37704
37705
37706
37707
37732
37741
37742
37743
37744
37745
37774
37775
37788
37938
37986
38132
38133
38134
38332
38363
38364
38396
38419
38426
38455
38533
38597
38626
38635
38670
38684
38685
38691
38705
38706
38708
38709
38710
38760
38917
38934
38940
38943
38944
38983
38984
38985
38986
39282
39283
40014
40327
40328
40440
40447
40465
40570
40571
40610
40635
40649
40650
40737
40739
40778
40784
40785
40861
40903
40904
40905
40912
40924
41059
41078
41093
41099
41100
41128
41129
41130
41131
41132
41133
41156
41186
41187
41239
41240
41241
41242
41243
41245
41322
41326
41327
41328
41329
41510
41526
41619
41658
41719
41720
41721
41722
41723
41773
41774
42045
42046
42067
42125
42126
42127
42128
42129
42130
42131
42152
42153
42188
42189
42190
42237
42333
42334
42335
42336
42337
42338
42339
42340
42341
42342
42367
42470
42473
42474
42475
42476
42477
42478
42479
42491
42515
42516
42517
42518
42519
42520
42521
42524
42534
42549
42550
42558
42605
42611
42612
42620
42621
42642
42650
42651
42652
42653
42654
42655
42656
42702
42703
42704
42705
42706
42712
42713
42714
42715
42716
42717
42725
42730
42737
42746
42747
42748
42749
42750
42751
42775
42784
42785
42786
42791
42792
42793
42794
42795
42796
42797
42811
42833
42852
42872
42873
42874
42876
42906
42907
42918
42921
43066
43068
43145
43146
43147
43148
43149
43150
43157
43163
43168
43169
43170
43171
43172
43173
43174
43196
43201
43202
43218
43241
43315
43316
43317
43318
43319
43402
43403
43404
43405
43406
43407
43408
43411
43412
43413
43414
43415
43416
43417
43418
43419
43420
43421
43422
43423
43424
43425
43431
43432
43434
43435
43436
43437
43438
43439
43441
43442
43443
43444
43445
43446
43447
43450
43451
43452
43453
43454
43455
43456
43457
43458
43459
43460
43461
43462
43463
43464
43467
43475
43476
43477
43481
43482
43483
43484
43485
43486
43488
43489
43490
43525
43526
43527
43586
43587
43588
43630
43631
43632
43644
43678
43679
43680
43688
43689
43690
43691
43694
43695
43696
43697
43698
43699
43700
43703
43704
43705
43706
43707
43708
43711
43726
43727
43728
43729
43730
43731
43733
43734
43735
43736
43737
43738
43739
43751
43752
43753
43754
43760
43761
43762
43769
43770
43771
43772
43776
43777
43778
43779
43792
43798
43799
43800
43801
43802
43807
43808
43809
43810
43816
43817
43818
43819
43820
43821
43822
43836
43837
43838
43839
43857
43862
43863
43864
43882
43883
43884
43886
43910
43911
43912
43913
43914
43915
43940
43941
43942
43943
43944
43945
43946
43948
43961
43962
43963
43964
43965
44005
44006
44007
44008
44009
44010
44011
44032
44033
44048
44057
44058
44059
44072
44073
44074
44075
44076
44077
44078
44083
44084
44085
44086
44090
44091
44092
44093
44094
44095
44096
44097
44124
44135
44248
44249
44250
44251
44277
44396
44445
44469
44470
44474
44506
44507
44508
44509
44510
44518
44519
44520
44542
44543
44550
44566
44610
44611
44612
44620
44621
44707
44708
44745
44746
44747
44748
44749
44821
44825
44840
44850
44892
44901
45031
45047
45061
45098
45099
45102
45103
45198
45199
45207
45208
45221
45222
45224
45227
45228
45230
45231
45233
45234
45308
45313
45352
45364
45379
45382
45420
45441
45483
45484
45487
45490
45503
45571
45572
45573
45574
45805
45806
45923
45949
46134
46266
46361
46420
46496
46522
46595
46611
46612
46616
46621
46622
46623
46624
46630
46631
46648
46649
46753
46754
46755
46756
46757
46758
46849
46850
46980
47005
47148
47165
47166
47207
47214
47259
47260
47265
47266
47267
47268
47269
47270
47358
47367
47474
47616
47619
47970
47971
47972
47973
47974
47976
47977
47997
47998
48046
48072
48073
48081
48174
48175
48238
48239
48262
48263
48264
48265
48266
48280
48281
48289
48290
48291
48312
48313
48318
48402
48605
48606
48631
48632
48633
48634
48637
48685
48800
48801
48802
48803
48840
48880
49078
49260
